4
129 110 20
162 132 20
134 151 20
108 120 20

4
129 110 -20
162 132 -20
134 151 -20
108 120 -20

4
129 110 20
162 132 20
162 132 -20
129 110 -20

4
134 151 20
108 120 20
108 120 -20
134 151 -20

4
108 120 20
129 110 20
129 110 -20
108 120 -20

4
162 132 20
134 151 20
134 151 -20
162 132 -20





4
129 250 20
162 272 20
134 291 20
108 260 20

4
129 250 -20
162 272 -20
134 291 -20
108 260 -20

4
129 250 20
162 272 20
162 272 -20
129 250 -20

4
134 291 20
108 260 20
108 260 -20
134 291 -20

4
108 260 20
129 250 20
129 250 -20
108 260 -20

4
162 272 20
134 291 20
134 291 -20
162 272 -20





4
180 416 20
195 442 20
117 483 20
104 455 20

4
180 416 -20
195 442 -20
117 483 -20
104 455 -20

4
180 416 20
195 442 20
195 442 -20
180 416 -20

4
195 442 20
117 483 20
117 483 -20
195 442 -20

4
117 483 20
104 455 20
104 455 -20
117 483 -20

4
104 455 20
180 416 20
180 416 -20
104 455 -20




18
350 139 20
383 141 20
363 166 20
428 165 20
428 126 20
456 126 20
456 166 20
534 166 20
534 194 20
456 194 20
456 249 20
605 249 20

605 270 20
274 270 20
281 249 20
428 249 20
428 194 20
306 194 20

18
350 139 -20
383 141 -20
363 166 -20
428 165 -20
428 126 -20
456 126 -20
456 166 -20
534 166 -20
534 194 -20
456 194 -20
456 249 -20
605 249 -20
605 270 -20
274 270 -20
281 249 -20
428 249 -20
428 194 -20
306 194 -20

4
350 139 20
383 141 20
383 141 -20
350 139 -20

4
383 141 20
363 166 20
363 166 -20
383 141 -20

4
363 166 20
428 165 20
428 165 -20
363 166 -20

4
428 165 20
428 126 20
428 126 -20
428 165 -20

4
428 126 20
456 126 20
456 126 -20
428 126 -20

4
456 126 20
456 166 20
456 166 -20
456 126 -20

4
456 166 20
534 166 20
534 166 -20
456 166 -20

4
534 166 20
534 194 20
534 194 -20
534 166 -20

4
534 194 20
456 194 20
456 194 -20
534 194 -20

4
456 194 20
456 249 20
456 249 -20
456 194 -20

4
456 249 20
605 249 20
605 249 -20
456 249 -20

4
605 249 20
605 270 20
605 270 -20
605 249 -20

4
605 270 20
274 270 20
274 270 -20
605 270 -20

4
274 270 20
281 249 20
281 249 -20
274 270 -20

4
281 249 20
428 249 20
428 249 -20
281 249 -20

4
428 249 20
428 194 20
428 194 -20
428 249 -20

4
428 194 20
306 194 20
306 194 -20
428 194 -20

4
350 139 20
306 194 20
306 194 -20
350 139 -20



4
585 300 20
585 460 20
555 460 20
555 300 20

4
324 300 20
324 460 20
354 460 20
354 300 20

4
354 300 20
555 300 20
555 330 20
354 330 20

4
354 430 20
555 430 20
555 460 20
354 460 20


4
585 300 -20
585 460 -20
555 460 -20
555 300 -20

4
324 300 -20
324 460 -20
354 460 -20
354 300 -20

4
354 300 -20
555 300 -20
555 330 -20
354 330 -20

4
354 430 -20
555 430 -20
555 460 -20
354 460 -20

4
324 460 20
585 460 20
585 460 -20
324 460 -20

4
354 430 20
555 430 20
555 430 -20
354 430 -20

4
324 460 20
324 300 20
324 300 -20
324 460 -20

4
354 430 20
354 330 20
354 330 -20
354 430 -20

4
324 300 20
585 300 20
585 300 -20
324 300 -20

4
354 330 20
555 330 20
555 330 -20
354 330 -20

4
585 300 20
585 460 20
585 460-20
585 300 -20

4
555 330 20
555 430 20
555 430-20
555 330 -20