4
73   151   0  
75   283   0  
215   295   0  
215   127   0  
4
73   151   200  
215   127   200  
215   295   200  
75   283   200  
4
73   151   0  
215   127   0  
215   127   200  
73   151   200  
4
215   295   0  
75   283   0  
75   283   200  
215   295   200  
4
73   151   0  
73   151   200  
75   283   200  
75   283   0  
4
215   295   0  
215   295   200  
215   127   200  
215   127   0  


4
73   151   0  
75   283   0  
215   295   0  
215   127   0  
4
73   151   200  
215   127   200  
215   295   200  
75   283   200  
4
73   151   0  
215   127   0  
215   127   200  
73   151   200  
4
215   295   0  
75   283   0  
75   283   200  
215   295   200  
4
73   151   0  
73   151   200  
75   283   200  
75   283   0  
4
215   295   0  
215   295   200  
215   127   200  
215   127   0 
