
6
191   26   0  
50   104   0  
51   575   0  
70   569   0  
72   116   0  
200   52   0  
6
191   26   200  
70   569   200  
51   575   200  
50   104   200  
72   116   0  
200   52   0  
6
191   26   0  
70   569   0  
70   569   200  
191   26   200  
72   116   0  
200   52   0  
6
51   575   0  
50   104   0  
50   104   200  
51   575   200  
72   116   0  
200   52   0  
6
191   26   0  
191   26   200  
50   104   200  
50   104   0  
72   116   0  
200   52   0  
6
51   575   0  
51   575   200  
70   569   200  
70   569   0  
72   116   0  
200   52   0  

10
86   123   0  
199   118   0  
199   171   0  
199   213   0  
91   217   0  
88   193   0  
144   191   0  
170   188   0  
175   145   0  
86   145   0  
10
86   123   200  
199   213   200  
199   171   200  
199   118   200  
91   217   0  
88   193   0  
144   191   0  
170   188   0  
175   145   0  
86   145   0  
10
86   123   0  
199   213   0  
199   213   200  
86   123   200  
91   217   0  
88   193   0  
144   191   0  
170   188   0  
175   145   0  
86   145   0  
10
199   171   0  
199   118   0  
199   118   200  
199   171   200  
91   217   0  
88   193   0  
144   191   0  
170   188   0  
175   145   0  
86   145   0  
10
86   123   0  
86   123   200  
199   118   200  
199   118   0  
91   217   0  
88   193   0  
144   191   0  
170   188   0  
175   145   0  
86   145   0  
10
199   171   0  
199   171   200  
199   213   200  
199   213   0  
91   217   0  
88   193   0  
144   191   0  
170   188   0  
175   145   0  
86   145   0  

4
89   163   0  
88   174   0  
146   172   0  
149   159   0  
4
89   163   200  
149   159   200  
146   172   200  
88   174   200  
4
89   163   0  
149   159   0  
149   159   200  
89   163   200  
4
146   172   0  
88   174   0  
88   174   200  
146   172   200  
4
89   163   0  
89   163   200  
88   174   200  
88   174   0  
4
146   172   0  
146   172   200  
149   159   200  
149   159   0  

13
85   243   0  
183   240   0  
188   465   0  
167   521   0  
131   497   0  
121   522   0  
141   547   0  
189   554   0  
205   515   0  
214   377   0  
215   236   0  
197   225   0  
88   228   0  
13
85   243   200  
167   521   200  
188   465   200  
183   240   200  
131   497   0  
121   522   0  
141   547   0  
189   554   0  
205   515   0  
214   377   0  
215   236   0  
197   225   0  
88   228   0  
13
85   243   0  
167   521   0  
167   521   200  
85   243   200  
131   497   0  
121   522   0  
141   547   0  
189   554   0  
205   515   0  
214   377   0  
215   236   0  
197   225   0  
88   228   0  
13
188   465   0  
183   240   0  
183   240   200  
188   465   200  
131   497   0  
121   522   0  
141   547   0  
189   554   0  
205   515   0  
214   377   0  
215   236   0  
197   225   0  
88   228   0  
13
85   243   0  
85   243   200  
183   240   200  
183   240   0  
131   497   0  
121   522   0  
141   547   0  
189   554   0  
205   515   0  
214   377   0  
215   236   0  
197   225   0  
88   228   0  
13
188   465   0  
188   465   200  
167   521   200  
167   521   0  
131   497   0  
121   522   0  
141   547   0  
189   554   0  
205   515   0  
214   377   0  
215   236   0  
197   225   0  
88   228   0  

19
239   119   0  
251   246   0  
288   113   0  
325   112   0  
349   136   0  
350   181   0  
353   235   0  
403   243   0  
420   222   0  
415   190   0  
400   184   0  
391   190   0  
381   178   0  
376   150   0  
365   110   0  
339   86   0  
307   76   0  
282   82   0  
261   89   0  
19
239   119   200  
325   112   200  
288   113   200  
251   246   200  
349   136   0  
350   181   0  
353   235   0  
403   243   0  
420   222   0  
415   190   0  
400   184   0  
391   190   0  
381   178   0  
376   150   0  
365   110   0  
339   86   0  
307   76   0  
282   82   0  
261   89   0  
19
239   119   0  
325   112   0  
325   112   200  
239   119   200  
349   136   0  
350   181   0  
353   235   0  
403   243   0  
420   222   0  
415   190   0  
400   184   0  
391   190   0  
381   178   0  
376   150   0  
365   110   0  
339   86   0  
307   76   0  
282   82   0  
261   89   0  
19
288   113   0  
251   246   0  
251   246   200  
288   113   200  
349   136   0  
350   181   0  
353   235   0  
403   243   0  
420   222   0  
415   190   0  
400   184   0  
391   190   0  
381   178   0  
376   150   0  
365   110   0  
339   86   0  
307   76   0  
282   82   0  
261   89   0  
19
239   119   0  
239   119   200  
251   246   200  
251   246   0  
349   136   0  
350   181   0  
353   235   0  
403   243   0  
420   222   0  
415   190   0  
400   184   0  
391   190   0  
381   178   0  
376   150   0  
365   110   0  
339   86   0  
307   76   0  
282   82   0  
261   89   0  
19
288   113   0  
288   113   200  
325   112   200  
325   112   0  
349   136   0  
350   181   0  
353   235   0  
403   243   0  
420   222   0  
415   190   0  
400   184   0  
391   190   0  
381   178   0  
376   150   0  
365   110   0  
339   86   0  
307   76   0  
282   82   0  
261   89   0  

9
262   326   0  
374   317   0  
394   336   0  
388   372   0  
366   388   0  
327   399   0  
298   394   0  
284   386   0  
268   363   0  
9
262   326   200  
388   372   200  
394   336   200  
374   317   200  
366   388   0  
327   399   0  
298   394   0  
284   386   0  
268   363   0  
9
262   326   0  
388   372   0  
388   372   200  
262   326   200  
366   388   0  
327   399   0  
298   394   0  
284   386   0  
268   363   0  
9
394   336   0  
374   317   0  
374   317   200  
394   336   200  
366   388   0  
327   399   0  
298   394   0  
284   386   0  
268   363   0  
9
262   326   0  
262   326   200  
374   317   200  
374   317   0  
366   388   0  
327   399   0  
298   394   0  
284   386   0  
268   363   0  
9
394   336   0  
394   336   200  
388   372   200  
388   372   0  
366   388   0  
327   399   0  
298   394   0  
284   386   0  
268   363   0  

4
397   389   0  
258   553   0  
423   447   0  
427   393   0  
4
397   389   200  
427   393   200  
423   447   200  
258   553   200  
4
397   389   0  
427   393   0  
427   393   200  
397   389   200  
4
423   447   0  
258   553   0  
258   553   200  
423   447   200  
4
397   389   0  
397   389   200  
258   553   200  
258   553   0  
4
423   447   0  
423   447   200  
427   393   200  
427   393   0  

4
252   420   0  
405   561   0  
482   541   0  
426   512   0  
4
252   420   200  
426   512   200  
482   541   200  
405   561   200  
4
252   420   0  
426   512   0  
426   512   200  
252   420   200  
4
482   541   0  
405   561   0  
405   561   200  
482   541   200  
4
252   420   0  
252   420   200  
405   561   200  
405   561   0  
4
482   541   0  
482   541   200  
426   512   200  
426   512   0  

4
544   97   0  
574   481   0  
651   470   0  
675   95   0  
4
544   97   200  
675   95   200  
651   470   200  
574   481   200  
4
544   97   0  
675   95   0  
675   95   200  
544   97   200  
4
651   470   0  
574   481   0  
574   481   200  
651   470   200  
4
544   97   0  
544   97   200  
574   481   200  
574   481   0  
4
651   470   0  
651   470   200  
675   95   200  
675   95   0  

6
581   532   0  
577   588   0  
606   600   0  
641   597   0  
645   557   0  
619   514   0  
6
581   532   200  
641   597   200  
606   600   200  
577   588   200  
645   557   0  
619   514   0  
6
581   532   0  
641   597   0  
641   597   200  
581   532   200  
645   557   0  
619   514   0  
6
606   600   0  
577   588   0  
577   588   200  
606   600   200  
645   557   0  
619   514   0  
6
581   532   0  
581   532   200  
577   588   200  
577   588   0  
645   557   0  
619   514   0  
6
606   600   0  
606   600   200  
641   597   200  
641   597   0  
645   557   0  
619   514   0  