4
87   151   0  
121   314   0  
258   314   0  
275   132   0  
4
87   151   200  
275   132   200  
258   314   200  
121   314   200  
4
87   151   0  
275   132   0  
275   132   200  
87   151   200  
4
258   314   0  
121   314   0  
121   314   200  
258   314   200  
4
87   151   0  
87   151   200  
121   314   200  
121   314   0  
4
258   314   0  
258   314   200  
275   132   200  
275   132   0  


4
333   165   0  
300   266   0  
432   266   0  
441   128   0  
4
333   165   200  
441   128   200  
432   266   200  
300   266   200  
4
333   165   0  
441   128   0  
441   128   200  
333   165   200  
4
432   266   0  
300   266   0  
300   266   200  
432   266   200  
4
333   165   0  
333   165   200  
300   266   200  
300   266   0  
4
432   266   0  
432   266   200  
441   128   200  
441   128   0  